-819832.98487 -1031385.81117 0.0000 0
-819780.92676 -1031423.52202 0.0201 0
-819778.26743 -1031424.06781 0.0210 0
-819766.14839 -1031423.10218 0.0248 0
-819746.80298 -1031422.57789 0.0308 0
-819737.74877 -1031422.75504 0.0337 0
-819732.94417 -1031422.84822 0.0352 0
-819723.16189 -1031420.67325 0.0383 0
-819713.58647 -1031420.94666 0.0413 0
-819694.56362 -1031424.34838 0.0474 0
-819671.52977 -1031428.55907 0.0547 0
-819647.07255 -1031433.99856 0.0626 0
-819611.74660 -1031441.61302 0.0739 0
-819594.08260 -1031442.43018 0.0794 0
-819582.66295 -1031443.51869 0.0830 0
-819546.18397 -1031431.53891 0.0950 0
-819530.48810 -1031426.38512 0.1002 0
-819525.69988 -1031426.65238 0.1017 0
-819460.99025 -1031430.25379 0.1220 0
-819407.44631 -1031433.68726 0.1388 0
-819394.07185 -1031434.54435 0.1430 0
-819372.87300 -1031432.91210 0.1497 0
-819354.93969 -1031433.45584 0.1553 0
-819340.12855 -1031432.91210 0.1599 0
-819318.77610 -1031426.18339 0.1669 0
-819307.31140 -1031420.90262 0.1709 0
-819271.37105 -1031406.69770 0.1830 0
-819257.41393 -1031402.77066 0.1875 0
-819231.81905 -1031393.46454 0.1960 0
-819203.02724 -1031387.50282 0.2053 0
-819197.79357 -1031387.50282 0.2069 0
-819189.94154 -1031388.95690 0.2094 0
-819183.97981 -1031390.99261 0.2114 0
-819156.78647 -1031405.39005 0.2210 0
-819150.88209 -1031407.75139 0.2230 0
-819117.52529 -1031421.09309 0.2342 0
-819107.58225 -1031423.67050 0.2375 0
-819101.82122 -1031425.16451 0.2393 0
-819088.73348 -1031426.61859 0.2434 0
-819032.98897 -1031426.86845 0.2609 0
-819024.17130 -1031426.90941 0.2637 0
-819004.66820 -1031425.57002 0.2698 0
-818976.68023 -1031426.92989 0.2786 0
-818963.36311 -1031426.38614 0.2827 0
-818927.87946 -1031411.88118 0.2947 0
-818897.60285 -1031405.44637 0.3044 0
-818882.11383 -1031399.18973 0.3097 0
-818866.35140 -1031390.48778 0.3153 0
-818849.77591 -1031379.33744 0.3216 0
-818827.05847 -1031357.97373 0.3313 0
-818815.62449 -1031355.03382 0.3350 0
-818750.26973 -1031328.70678 0.3571 0
-818739.45425 -1031324.97635 0.3607 0
-818713.27978 -1031312.90544 0.3697 0
-818692.92266 -1031305.78045 0.3764 0
-818684.48797 -1031301.12842 0.3795 0
-818680.26909 -1031296.91056 0.3813 0
-818674.01860 -1031284.98710 0.3855 0
-818672.12829 -1031278.58915 0.3876 0
-818671.39921 -1031272.19120 0.3897 0
-818662.27127 -1031184.34224 0.4173 0
-818659.55357 -1031147.62672 0.4288 0
-818655.47703 -1031129.95043 0.4345 0
-818648.95517 -1031115.80797 0.4394 0
-818631.29322 -1031091.05994 0.4489 0
-818617.70679 -1031071.20662 0.4565 0
-818609.82404 -1031054.75299 0.4622 0
-818607.51594 -1031047.13750 0.4647 0
-818605.91543 -1031039.31722 0.4672 0
-818604.93341 -1031024.97302 0.4717 0
-818606.15607 -1031013.82269 0.4752 0
-818609.74519 -1031002.01494 0.4790 0
-818618.47069 -1030974.09558 0.4882 0
-818632.28445 -1030939.19664 0.5000 0
-818639.69924 -1030918.25686 0.5069 0
-818650.46045 -1030883.35792 0.5183 0
-818661.07626 -1030858.92938 0.5267 0
-818675.03543 -1030831.01002 0.5365 0
-818678.57642 -1030825.69853 0.5385 0
-818687.54052 -1030812.25136 0.5435 0
-818725.04349 -1030755.73373 0.5648 0
-818755.15729 -1030735.32746 0.5762 0
-818769.60900 -1030724.45872 0.5818 0
-818802.76100 -1030701.61430 0.5944 0
-818825.04426 -1030693.18269 0.6019 0
-818859.59197 -1030680.88957 0.6134 0
-818861.73111 -1030680.12874 0.6141 0
-818881.29565 -1030674.96163 0.6204 0
-818901.24215 -1030666.13066 0.6272 0
-818914.10461 -1030660.03786 0.6317 0
-818923.09226 -1030655.30288 0.6349 0
-818933.72343 -1030647.64438 0.6390 0
-818970.22289 -1030605.18422 0.6565 0
-819040.31159 -1030534.36746 0.6877 0
-819054.27076 -1030515.17360 0.6952 0
-819068.66717 -1030488.56291 0.7046 0
-819076.51818 -1030477.36650 0.7089 0
-819094.69521 -1030456.86294 0.7175 0
-819120.72529 -1030430.68848 0.7290 0
-819190.95837 -1030369.32528 0.7583 0
-819245.34301 -1030324.24675 0.7804 0
-819303.07204 -1030283.09526 0.8026 0
-819344.48669 -1030243.66102 0.8205 0
-819353.56548 -1030230.90301 0.8254 0
-819364.12804 -1030213.17245 0.8318 0
-819378.39031 -1030187.40553 0.8411 0
-819395.66929 -1030142.11504 0.8563 0
-819413.73162 -1030102.49341 0.8699 0
-819418.09386 -1030092.89545 0.8732 0
-819430.88874 -1030073.70160 0.8804 0
-819441.79537 -1030061.05110 0.8856 0
-819444.16490 -1030059.15465 0.8866 0
-819444.70455 -1030058.72355 0.8868 0
-819446.32247 -1030058.20643 0.8873 0
-819459.24535 -1030054.07049 0.8916 0
-819476.69431 -1030046.07305 0.8976 0
-819488.21636 -1030038.79958 0.9019 0
-819523.22794 -1030016.69961 0.9148 0
-819537.76874 -1030009.13840 0.9200 0
-819545.59722 -1030005.63325 0.9227 0
-819562.77892 -1029997.94198 0.9285 0
-819571.35799 -1029992.99811 0.9316 0
-819578.77380 -1029987.47158 0.9345 0
-819596.07837 -1029972.34915 0.9417 0
-819602.18551 -1029965.95120 0.9445 0
-819614.69162 -1029949.66448 0.9509 0
-819641.59108 -1029920.87267 0.9633 0
-819659.04106 -1029897.46198 0.9724 0
-819671.98340 -1029875.06813 0.9805 0
-819682.74461 -1029861.39875 0.9860 0
-819695.51492 -1029844.70038 0.9926 0
-819699.96932 -1029839.07043 0.9948 0
-819713.69095 -1029829.72723 1.0000 0
-818927.87946 -1031411.88118 0.0000 1
-818921.65559 -1031403.06147 0.0898 1
-818911.62244 -1031391.71965 0.2157 1
-818899.40714 -1031380.81405 0.3519 1
-818883.12145 -1031369.47222 0.5170 1
-818874.39594 -1031364.96355 0.5987 1
-818862.76228 -1031360.74672 0.7016 1
-818844.78596 -1031358.25533 0.8525 1
-818827.05847 -1031357.97373 1.0000 1
-818493.56112 -1031159.35050 0.0000 2
-818512.02896 -1031147.13622 0.1319 2
-818518.28151 -1031141.02909 0.1840 2
-818526.93431 -1031121.71542 0.3100 2
-818529.91415 -1031114.27299 0.3578 2
-818544.74679 -1031090.71587 0.5236 2
-818563.35697 -1031073.38262 0.6751 2
-818570.42154 -1031066.85565 0.7324 2
-818590.80324 -1031050.53821 0.8879 2
-818605.91543 -1031039.31722 1.0000 2
-818544.01872 -1031169.09283 0.0000 3
-818532.38608 -1031145.09949 0.5262 3
-818526.93431 -1031121.71542 1.0000 3
