-820800.00000000 -1032100.00000000 598.0000
-820700.00000000 -1032100.00000000 601.0000
-820600.00000000 -1032100.00000000 603.0000
-820500.00000000 -1032100.00000000 603.0000
-820400.00000000 -1032100.00000000 604.0000
-820300.00000000 -1032100.00000000 605.0000
-820200.00000000 -1032100.00000000 607.0000
-820100.00000000 -1032100.00000000 607.0000
-820000.00000000 -1032100.00000000 608.0000
-819900.00000000 -1032100.00000000 609.0000
-819800.00000000 -1032100.00000000 611.0000
-819700.00000000 -1032100.00000000 612.0000
-819600.00000000 -1032100.00000000 612.0000
-819500.00000000 -1032100.00000000 612.0000
-819400.00000000 -1032100.00000000 613.0000
-819300.00000000 -1032100.00000000 613.0000
-819200.00000000 -1032100.00000000 610.0000
-819100.00000000 -1032100.00000000 607.0000
-819000.00000000 -1032100.00000000 602.0000
-818900.00000000 -1032100.00000000 596.0000
-818800.00000000 -1032100.00000000 589.0000
-818700.00000000 -1032100.00000000 582.0000
-818600.00000000 -1032100.00000000 578.0000
-818500.00000000 -1032100.00000000 575.0000
-818400.00000000 -1032100.00000000 577.0000
-818300.00000000 -1032100.00000000 584.0000
-818200.00000000 -1032100.00000000 591.0000
-818100.00000000 -1032100.00000000 593.0000
-820800.00000000 -1032000.00000000 599.0000
-820700.00000000 -1032000.00000000 601.0000
-820600.00000000 -1032000.00000000 602.0000
-820500.00000000 -1032000.00000000 603.0000
-820400.00000000 -1032000.00000000 605.0000
-820300.00000000 -1032000.00000000 606.0000
-820200.00000000 -1032000.00000000 607.0000
-820100.00000000 -1032000.00000000 608.0000
-820000.00000000 -1032000.00000000 609.0000
-819900.00000000 -1032000.00000000 610.0000
-819800.00000000 -1032000.00000000 611.0000
-819700.00000000 -1032000.00000000 612.0000
-819600.00000000 -1032000.00000000 613.0000
-819500.00000000 -1032000.00000000 618.0000
-819400.00000000 -1032000.00000000 622.0000
-819300.00000000 -1032000.00000000 621.0000
-819200.00000000 -1032000.00000000 615.0000
-819100.00000000 -1032000.00000000 608.0000
-819000.00000000 -1032000.00000000 604.0000
-818900.00000000 -1032000.00000000 597.0000
-818800.00000000 -1032000.00000000 591.0000
-818700.00000000 -1032000.00000000 587.0000
-818600.00000000 -1032000.00000000 582.0000
-818500.00000000 -1032000.00000000 577.0000
-818400.00000000 -1032000.00000000 577.0000
-818300.00000000 -1032000.00000000 585.0000
-818200.00000000 -1032000.00000000 591.0000
-818100.00000000 -1032000.00000000 590.0000
-820800.00000000 -1031900.00000000 600.0000
-820700.00000000 -1031900.00000000 601.0000
-820600.00000000 -1031900.00000000 601.0000
-820500.00000000 -1031900.00000000 604.0000
-820400.00000000 -1031900.00000000 608.0000
-820300.00000000 -1031900.00000000 610.0000
-820200.00000000 -1031900.00000000 610.0000
-820100.00000000 -1031900.00000000 609.0000
-820000.00000000 -1031900.00000000 612.0000
-819900.00000000 -1031900.00000000 615.0000
-819800.00000000 -1031900.00000000 615.0000
-819700.00000000 -1031900.00000000 614.0000
-819600.00000000 -1031900.00000000 616.0000
-819500.00000000 -1031900.00000000 623.0000
-819400.00000000 -1031900.00000000 627.0000
-819300.00000000 -1031900.00000000 623.0000
-819200.00000000 -1031900.00000000 614.0000
-819100.00000000 -1031900.00000000 609.0000
-819000.00000000 -1031900.00000000 606.0000
-818900.00000000 -1031900.00000000 599.0000
-818800.00000000 -1031900.00000000 594.0000
-818700.00000000 -1031900.00000000 596.0000
-818600.00000000 -1031900.00000000 592.0000
-818500.00000000 -1031900.00000000 583.0000
-818400.00000000 -1031900.00000000 577.0000
-818300.00000000 -1031900.00000000 579.0000
-818200.00000000 -1031900.00000000 581.0000
-818100.00000000 -1031900.00000000 578.0000
-820800.00000000 -1031800.00000000 600.0000
-820700.00000000 -1031800.00000000 600.0000
-820600.00000000 -1031800.00000000 601.0000
-820500.00000000 -1031800.00000000 605.0000
-820400.00000000 -1031800.00000000 610.0000
-820300.00000000 -1031800.00000000 614.0000
-820200.00000000 -1031800.00000000 612.0000
-820100.00000000 -1031800.00000000 610.0000
-820000.00000000 -1031800.00000000 613.0000
-819900.00000000 -1031800.00000000 619.0000
-819800.00000000 -1031800.00000000 620.0000
-819700.00000000 -1031800.00000000 616.0000
-819600.00000000 -1031800.00000000 614.0000
-819500.00000000 -1031800.00000000 620.0000
-819400.00000000 -1031800.00000000 623.0000
-819300.00000000 -1031800.00000000 615.0000
-819200.00000000 -1031800.00000000 606.0000
-819100.00000000 -1031800.00000000 603.0000
-819000.00000000 -1031800.00000000 601.0000
-818900.00000000 -1031800.00000000 596.0000
-818800.00000000 -1031800.00000000 593.0000
-818700.00000000 -1031800.00000000 598.0000
-818600.00000000 -1031800.00000000 597.0000
-818500.00000000 -1031800.00000000 588.0000
-818400.00000000 -1031800.00000000 580.0000
-818300.00000000 -1031800.00000000 577.0000
-818200.00000000 -1031800.00000000 575.0000
-818100.00000000 -1031800.00000000 571.0000
-820800.00000000 -1031700.00000000 598.0000
-820700.00000000 -1031700.00000000 598.0000
-820600.00000000 -1031700.00000000 601.0000
-820500.00000000 -1031700.00000000 606.0000
-820400.00000000 -1031700.00000000 613.0000
-820300.00000000 -1031700.00000000 616.0000
-820200.00000000 -1031700.00000000 613.0000
-820100.00000000 -1031700.00000000 610.0000
-820000.00000000 -1031700.00000000 613.0000
-819900.00000000 -1031700.00000000 619.0000
-819800.00000000 -1031700.00000000 620.0000
-819700.00000000 -1031700.00000000 617.0000
-819600.00000000 -1031700.00000000 612.0000
-819500.00000000 -1031700.00000000 614.0000
-819400.00000000 -1031700.00000000 615.0000
-819300.00000000 -1031700.00000000 608.0000
-819200.00000000 -1031700.00000000 599.0000
-819100.00000000 -1031700.00000000 594.0000
-819000.00000000 -1031700.00000000 593.0000
-818900.00000000 -1031700.00000000 591.0000
-818800.00000000 -1031700.00000000 590.0000
-818700.00000000 -1031700.00000000 591.0000
-818600.00000000 -1031700.00000000 592.0000
-818500.00000000 -1031700.00000000 587.0000
-818400.00000000 -1031700.00000000 581.0000
-818300.00000000 -1031700.00000000 580.0000
-818200.00000000 -1031700.00000000 578.0000
-818100.00000000 -1031700.00000000 575.0000
-820800.00000000 -1031600.00000000 595.0000
-820700.00000000 -1031600.00000000 599.0000
-820600.00000000 -1031600.00000000 602.0000
-820500.00000000 -1031600.00000000 607.0000
-820400.00000000 -1031600.00000000 613.0000
-820300.00000000 -1031600.00000000 616.0000
-820200.00000000 -1031600.00000000 613.0000
-820100.00000000 -1031600.00000000 610.0000
-820000.00000000 -1031600.00000000 613.0000
-819900.00000000 -1031600.00000000 617.0000
-819800.00000000 -1031600.00000000 618.0000
-819700.00000000 -1031600.00000000 615.0000
-819600.00000000 -1031600.00000000 611.0000
-819500.00000000 -1031600.00000000 609.0000
-819400.00000000 -1031600.00000000 609.0000
-819300.00000000 -1031600.00000000 605.0000
-819200.00000000 -1031600.00000000 595.0000
-819100.00000000 -1031600.00000000 587.0000
-819000.00000000 -1031600.00000000 585.0000
-818900.00000000 -1031600.00000000 587.0000
-818800.00000000 -1031600.00000000 587.0000
-818700.00000000 -1031600.00000000 585.0000
-818600.00000000 -1031600.00000000 585.0000
-818500.00000000 -1031600.00000000 583.0000
-818400.00000000 -1031600.00000000 579.0000
-818300.00000000 -1031600.00000000 580.0000
-818200.00000000 -1031600.00000000 582.0000
-818100.00000000 -1031600.00000000 580.0000
-820800.00000000 -1031500.00000000 594.0000
-820700.00000000 -1031500.00000000 602.0000
-820600.00000000 -1031500.00000000 607.0000
-820500.00000000 -1031500.00000000 610.0000
-820400.00000000 -1031500.00000000 612.0000
-820300.00000000 -1031500.00000000 615.0000
-820200.00000000 -1031500.00000000 615.0000
-820100.00000000 -1031500.00000000 613.0000
-820000.00000000 -1031500.00000000 613.0000
-819900.00000000 -1031500.00000000 615.0000
-819800.00000000 -1031500.00000000 613.0000
-819700.00000000 -1031500.00000000 608.0000
-819600.00000000 -1031500.00000000 606.0000
-819500.00000000 -1031500.00000000 605.0000
-819400.00000000 -1031500.00000000 603.0000
-819300.00000000 -1031500.00000000 601.0000
-819200.00000000 -1031500.00000000 595.0000
-819100.00000000 -1031500.00000000 584.0000
-819000.00000000 -1031500.00000000 580.0000
-818900.00000000 -1031500.00000000 581.0000
-818800.00000000 -1031500.00000000 583.0000
-818700.00000000 -1031500.00000000 582.0000
-818600.00000000 -1031500.00000000 580.0000
-818500.00000000 -1031500.00000000 578.0000
-818400.00000000 -1031500.00000000 577.0000
-818300.00000000 -1031500.00000000 578.0000
-818200.00000000 -1031500.00000000 580.0000
-818100.00000000 -1031500.00000000 580.0000
-820800.00000000 -1031400.00000000 593.0000
-820700.00000000 -1031400.00000000 605.0000
-820600.00000000 -1031400.00000000 612.0000
-820500.00000000 -1031400.00000000 613.0000
-820400.00000000 -1031400.00000000 614.0000
-820300.00000000 -1031400.00000000 615.0000
-820200.00000000 -1031400.00000000 618.0000
-820100.00000000 -1031400.00000000 616.0000
-820000.00000000 -1031400.00000000 613.0000
-819900.00000000 -1031400.00000000 611.0000
-819800.00000000 -1031400.00000000 608.0000
-819700.00000000 -1031400.00000000 603.0000
-819600.00000000 -1031400.00000000 601.0000
-819500.00000000 -1031400.00000000 602.0000
-819400.00000000 -1031400.00000000 601.0000
-819300.00000000 -1031400.00000000 600.0000
-819200.00000000 -1031400.00000000 595.0000
-819100.00000000 -1031400.00000000 585.0000
-819000.00000000 -1031400.00000000 577.0000
-818900.00000000 -1031400.00000000 576.0000
-818800.00000000 -1031400.00000000 578.0000
-818700.00000000 -1031400.00000000 579.0000
-818600.00000000 -1031400.00000000 577.0000
-818500.00000000 -1031400.00000000 576.0000
-818400.00000000 -1031400.00000000 576.0000
-818300.00000000 -1031400.00000000 577.0000
-818200.00000000 -1031400.00000000 578.0000
-818100.00000000 -1031400.00000000 579.0000
-820800.00000000 -1031300.00000000 591.0000
-820700.00000000 -1031300.00000000 603.0000
-820600.00000000 -1031300.00000000 611.0000
-820500.00000000 -1031300.00000000 613.0000
-820400.00000000 -1031300.00000000 613.0000
-820300.00000000 -1031300.00000000 614.0000
-820200.00000000 -1031300.00000000 616.0000
-820100.00000000 -1031300.00000000 616.0000
-820000.00000000 -1031300.00000000 612.0000
-819900.00000000 -1031300.00000000 611.0000
-819800.00000000 -1031300.00000000 610.0000
-819700.00000000 -1031300.00000000 607.0000
-819600.00000000 -1031300.00000000 604.0000
-819500.00000000 -1031300.00000000 603.0000
-819400.00000000 -1031300.00000000 603.0000
-819300.00000000 -1031300.00000000 601.0000
-819200.00000000 -1031300.00000000 596.0000
-819100.00000000 -1031300.00000000 586.0000
-819000.00000000 -1031300.00000000 577.0000
-818900.00000000 -1031300.00000000 573.0000
-818800.00000000 -1031300.00000000 573.0000
-818700.00000000 -1031300.00000000 573.0000
-818600.00000000 -1031300.00000000 573.0000
-818500.00000000 -1031300.00000000 574.0000
-818400.00000000 -1031300.00000000 575.0000
-818300.00000000 -1031300.00000000 577.0000
-818200.00000000 -1031300.00000000 577.0000
-818100.00000000 -1031300.00000000 577.0000
-820800.00000000 -1031200.00000000 587.0000
-820700.00000000 -1031200.00000000 597.0000
-820600.00000000 -1031200.00000000 605.0000
-820500.00000000 -1031200.00000000 609.0000
-820400.00000000 -1031200.00000000 609.0000
-820300.00000000 -1031200.00000000 611.0000
-820200.00000000 -1031200.00000000 614.0000
-820100.00000000 -1031200.00000000 615.0000
-820000.00000000 -1031200.00000000 611.0000
-819900.00000000 -1031200.00000000 610.0000
-819800.00000000 -1031200.00000000 614.0000
-819700.00000000 -1031200.00000000 613.0000
-819600.00000000 -1031200.00000000 608.0000
-819500.00000000 -1031200.00000000 604.0000
-819400.00000000 -1031200.00000000 604.0000
-819300.00000000 -1031200.00000000 602.0000
-819200.00000000 -1031200.00000000 598.0000
-819100.00000000 -1031200.00000000 588.0000
-819000.00000000 -1031200.00000000 577.0000
-818900.00000000 -1031200.00000000 572.0000
-818800.00000000 -1031200.00000000 569.0000
-818700.00000000 -1031200.00000000 567.0000
-818600.00000000 -1031200.00000000 568.0000
-818500.00000000 -1031200.00000000 571.0000
-818400.00000000 -1031200.00000000 575.0000
-818300.00000000 -1031200.00000000 578.0000
-818200.00000000 -1031200.00000000 578.0000
-818100.00000000 -1031200.00000000 573.0000
-820800.00000000 -1031100.00000000 585.0000
-820700.00000000 -1031100.00000000 592.0000
-820600.00000000 -1031100.00000000 600.0000
-820500.00000000 -1031100.00000000 605.0000
-820400.00000000 -1031100.00000000 607.0000
-820300.00000000 -1031100.00000000 610.0000
-820200.00000000 -1031100.00000000 614.0000
-820100.00000000 -1031100.00000000 617.0000
-820000.00000000 -1031100.00000000 612.0000
-819900.00000000 -1031100.00000000 608.0000
-819800.00000000 -1031100.00000000 610.0000
-819700.00000000 -1031100.00000000 611.0000
-819600.00000000 -1031100.00000000 608.0000
-819500.00000000 -1031100.00000000 604.0000
-819400.00000000 -1031100.00000000 603.0000
-819300.00000000 -1031100.00000000 603.0000
-819200.00000000 -1031100.00000000 600.0000
-819100.00000000 -1031100.00000000 591.0000
-819000.00000000 -1031100.00000000 578.0000
-818900.00000000 -1031100.00000000 571.0000
-818800.00000000 -1031100.00000000 567.0000
-818700.00000000 -1031100.00000000 565.0000
-818600.00000000 -1031100.00000000 566.0000
-818500.00000000 -1031100.00000000 572.0000
-818400.00000000 -1031100.00000000 581.0000
-818300.00000000 -1031100.00000000 583.0000
-818200.00000000 -1031100.00000000 580.0000
-818100.00000000 -1031100.00000000 572.0000
-820800.00000000 -1031000.00000000 585.0000
-820700.00000000 -1031000.00000000 591.0000
-820600.00000000 -1031000.00000000 599.0000
-820500.00000000 -1031000.00000000 603.0000
-820400.00000000 -1031000.00000000 606.0000
-820300.00000000 -1031000.00000000 609.0000
-820200.00000000 -1031000.00000000 615.0000
-820100.00000000 -1031000.00000000 617.0000
-820000.00000000 -1031000.00000000 611.0000
-819900.00000000 -1031000.00000000 606.0000
-819800.00000000 -1031000.00000000 605.0000
-819700.00000000 -1031000.00000000 608.0000
-819600.00000000 -1031000.00000000 608.0000
-819500.00000000 -1031000.00000000 606.0000
-819400.00000000 -1031000.00000000 604.0000
-819300.00000000 -1031000.00000000 602.0000
-819200.00000000 -1031000.00000000 600.0000
-819100.00000000 -1031000.00000000 592.0000
-819000.00000000 -1031000.00000000 580.0000
-818900.00000000 -1031000.00000000 570.0000
-818800.00000000 -1031000.00000000 566.0000
-818700.00000000 -1031000.00000000 564.0000
-818600.00000000 -1031000.00000000 568.0000
-818500.00000000 -1031000.00000000 578.0000
-818400.00000000 -1031000.00000000 588.0000
-818300.00000000 -1031000.00000000 586.0000
-818200.00000000 -1031000.00000000 578.0000
-818100.00000000 -1031000.00000000 571.0000
-820800.00000000 -1030900.00000000 587.0000
-820700.00000000 -1030900.00000000 590.0000
-820600.00000000 -1030900.00000000 596.0000
-820500.00000000 -1030900.00000000 601.0000
-820400.00000000 -1030900.00000000 605.0000
-820300.00000000 -1030900.00000000 610.0000
-820200.00000000 -1030900.00000000 614.0000
-820100.00000000 -1030900.00000000 615.0000
-820000.00000000 -1030900.00000000 611.0000
-819900.00000000 -1030900.00000000 608.0000
-819800.00000000 -1030900.00000000 607.0000
-819700.00000000 -1030900.00000000 608.0000
-819600.00000000 -1030900.00000000 609.0000
-819500.00000000 -1030900.00000000 607.0000
-819400.00000000 -1030900.00000000 604.0000
-819300.00000000 -1030900.00000000 601.0000
-819200.00000000 -1030900.00000000 598.0000
-819100.00000000 -1030900.00000000 593.0000
-819000.00000000 -1030900.00000000 580.0000
-818900.00000000 -1030900.00000000 569.0000
-818800.00000000 -1030900.00000000 565.0000
-818700.00000000 -1030900.00000000 565.0000
-818600.00000000 -1030900.00000000 571.0000
-818500.00000000 -1030900.00000000 581.0000
-818400.00000000 -1030900.00000000 588.0000
-818300.00000000 -1030900.00000000 585.0000
-818200.00000000 -1030900.00000000 577.0000
-818100.00000000 -1030900.00000000 573.0000
-820800.00000000 -1030800.00000000 587.0000
-820700.00000000 -1030800.00000000 590.0000
-820600.00000000 -1030800.00000000 596.0000
-820500.00000000 -1030800.00000000 602.0000
-820400.00000000 -1030800.00000000 607.0000
-820300.00000000 -1030800.00000000 611.0000
-820200.00000000 -1030800.00000000 613.0000
-820100.00000000 -1030800.00000000 613.0000
-820000.00000000 -1030800.00000000 611.0000
-819900.00000000 -1030800.00000000 609.0000
-819800.00000000 -1030800.00000000 607.0000
-819700.00000000 -1030800.00000000 605.0000
-819600.00000000 -1030800.00000000 605.0000
-819500.00000000 -1030800.00000000 603.0000
-819400.00000000 -1030800.00000000 600.0000
-819300.00000000 -1030800.00000000 595.0000
-819200.00000000 -1030800.00000000 593.0000
-819100.00000000 -1030800.00000000 590.0000
-819000.00000000 -1030800.00000000 578.0000
-818900.00000000 -1030800.00000000 566.0000
-818800.00000000 -1030800.00000000 562.0000
-818700.00000000 -1030800.00000000 565.0000
-818600.00000000 -1030800.00000000 573.0000
-818500.00000000 -1030800.00000000 581.0000
-818400.00000000 -1030800.00000000 582.0000
-818300.00000000 -1030800.00000000 579.0000
-818200.00000000 -1030800.00000000 576.0000
-818100.00000000 -1030800.00000000 578.0000
-820800.00000000 -1030700.00000000 588.0000
-820700.00000000 -1030700.00000000 591.0000
-820600.00000000 -1030700.00000000 597.0000
-820500.00000000 -1030700.00000000 604.0000
-820400.00000000 -1030700.00000000 609.0000
-820300.00000000 -1030700.00000000 611.0000
-820200.00000000 -1030700.00000000 611.0000
-820100.00000000 -1030700.00000000 610.0000
-820000.00000000 -1030700.00000000 607.0000
-819900.00000000 -1030700.00000000 605.0000
-819800.00000000 -1030700.00000000 602.0000
-819700.00000000 -1030700.00000000 598.0000
-819600.00000000 -1030700.00000000 597.0000
-819500.00000000 -1030700.00000000 596.0000
-819400.00000000 -1030700.00000000 592.0000
-819300.00000000 -1030700.00000000 586.0000
-819200.00000000 -1030700.00000000 581.0000
-819100.00000000 -1030700.00000000 578.0000
-819000.00000000 -1030700.00000000 573.0000
-818900.00000000 -1030700.00000000 567.0000
-818800.00000000 -1030700.00000000 565.0000
-818700.00000000 -1030700.00000000 568.0000
-818600.00000000 -1030700.00000000 575.0000
-818500.00000000 -1030700.00000000 580.0000
-818400.00000000 -1030700.00000000 578.0000
-818300.00000000 -1030700.00000000 575.0000
-818200.00000000 -1030700.00000000 575.0000
-818100.00000000 -1030700.00000000 578.0000
-820800.00000000 -1030600.00000000 588.0000
-820700.00000000 -1030600.00000000 591.0000
-820600.00000000 -1030600.00000000 595.0000
-820500.00000000 -1030600.00000000 602.0000
-820400.00000000 -1030600.00000000 606.0000
-820300.00000000 -1030600.00000000 608.0000
-820200.00000000 -1030600.00000000 608.0000
-820100.00000000 -1030600.00000000 604.0000
-820000.00000000 -1030600.00000000 599.0000
-819900.00000000 -1030600.00000000 596.0000
-819800.00000000 -1030600.00000000 591.0000
-819700.00000000 -1030600.00000000 586.0000
-819600.00000000 -1030600.00000000 585.0000
-819500.00000000 -1030600.00000000 585.0000
-819400.00000000 -1030600.00000000 583.0000
-819300.00000000 -1030600.00000000 576.0000
-819200.00000000 -1030600.00000000 568.0000
-819100.00000000 -1030600.00000000 565.0000
-819000.00000000 -1030600.00000000 567.0000
-818900.00000000 -1030600.00000000 573.0000
-818800.00000000 -1030600.00000000 576.0000
-818700.00000000 -1030600.00000000 577.0000
-818600.00000000 -1030600.00000000 579.0000
-818500.00000000 -1030600.00000000 579.0000
-818400.00000000 -1030600.00000000 575.0000
-818300.00000000 -1030600.00000000 573.0000
-818200.00000000 -1030600.00000000 574.0000
-818100.00000000 -1030600.00000000 575.0000
-820800.00000000 -1030500.00000000 586.0000
-820700.00000000 -1030500.00000000 588.0000
-820600.00000000 -1030500.00000000 592.0000
-820500.00000000 -1030500.00000000 597.0000
-820400.00000000 -1030500.00000000 599.0000
-820300.00000000 -1030500.00000000 602.0000
-820200.00000000 -1030500.00000000 601.0000
-820100.00000000 -1030500.00000000 595.0000
-820000.00000000 -1030500.00000000 590.0000
-819900.00000000 -1030500.00000000 588.0000
-819800.00000000 -1030500.00000000 581.0000
-819700.00000000 -1030500.00000000 575.0000
-819600.00000000 -1030500.00000000 573.0000
-819500.00000000 -1030500.00000000 573.0000
-819400.00000000 -1030500.00000000 573.0000
-819300.00000000 -1030500.00000000 567.0000
-819200.00000000 -1030500.00000000 559.0000
-819100.00000000 -1030500.00000000 559.0000
-819000.00000000 -1030500.00000000 569.0000
-818900.00000000 -1030500.00000000 581.0000
-818800.00000000 -1030500.00000000 589.0000
-818700.00000000 -1030500.00000000 591.0000
-818600.00000000 -1030500.00000000 589.0000
-818500.00000000 -1030500.00000000 584.0000
-818400.00000000 -1030500.00000000 579.0000
-818300.00000000 -1030500.00000000 575.0000
-818200.00000000 -1030500.00000000 574.0000
-818100.00000000 -1030500.00000000 573.0000
-820800.00000000 -1030400.00000000 582.0000
-820700.00000000 -1030400.00000000 583.0000
-820600.00000000 -1030400.00000000 588.0000
-820500.00000000 -1030400.00000000 593.0000
-820400.00000000 -1030400.00000000 593.0000
-820300.00000000 -1030400.00000000 594.0000
-820200.00000000 -1030400.00000000 595.0000
-820100.00000000 -1030400.00000000 590.0000
-820000.00000000 -1030400.00000000 587.0000
-819900.00000000 -1030400.00000000 583.0000
-819800.00000000 -1030400.00000000 575.0000
-819700.00000000 -1030400.00000000 569.0000
-819600.00000000 -1030400.00000000 566.0000
-819500.00000000 -1030400.00000000 564.0000
-819400.00000000 -1030400.00000000 562.0000
-819300.00000000 -1030400.00000000 557.0000
-819200.00000000 -1030400.00000000 554.0000
-819100.00000000 -1030400.00000000 562.0000
-819000.00000000 -1030400.00000000 575.0000
-818900.00000000 -1030400.00000000 588.0000
-818800.00000000 -1030400.00000000 597.0000
-818700.00000000 -1030400.00000000 599.0000
-818600.00000000 -1030400.00000000 597.0000
-818500.00000000 -1030400.00000000 594.0000
-818400.00000000 -1030400.00000000 590.0000
-818300.00000000 -1030400.00000000 584.0000
-818200.00000000 -1030400.00000000 579.0000
-818100.00000000 -1030400.00000000 577.0000
-820800.00000000 -1030300.00000000 575.0000
-820700.00000000 -1030300.00000000 576.0000
-820600.00000000 -1030300.00000000 579.0000
-820500.00000000 -1030300.00000000 584.0000
-820400.00000000 -1030300.00000000 585.0000
-820300.00000000 -1030300.00000000 586.0000
-820200.00000000 -1030300.00000000 586.0000
-820100.00000000 -1030300.00000000 584.0000
-820000.00000000 -1030300.00000000 581.0000
-819900.00000000 -1030300.00000000 576.0000
-819800.00000000 -1030300.00000000 569.0000
-819700.00000000 -1030300.00000000 563.0000
-819600.00000000 -1030300.00000000 558.0000
-819500.00000000 -1030300.00000000 554.0000
-819400.00000000 -1030300.00000000 550.0000
-819300.00000000 -1030300.00000000 548.0000
-819200.00000000 -1030300.00000000 553.0000
-819100.00000000 -1030300.00000000 565.0000
-819000.00000000 -1030300.00000000 577.0000
-818900.00000000 -1030300.00000000 589.0000
-818800.00000000 -1030300.00000000 598.0000
-818700.00000000 -1030300.00000000 599.0000
-818600.00000000 -1030300.00000000 596.0000
-818500.00000000 -1030300.00000000 597.0000
-818400.00000000 -1030300.00000000 597.0000
-818300.00000000 -1030300.00000000 594.0000
-818200.00000000 -1030300.00000000 588.0000
-818100.00000000 -1030300.00000000 582.0000
-820800.00000000 -1030200.00000000 568.0000
-820700.00000000 -1030200.00000000 568.0000
-820600.00000000 -1030200.00000000 569.0000
-820500.00000000 -1030200.00000000 571.0000
-820400.00000000 -1030200.00000000 575.0000
-820300.00000000 -1030200.00000000 577.0000
-820200.00000000 -1030200.00000000 577.0000
-820100.00000000 -1030200.00000000 575.0000
-820000.00000000 -1030200.00000000 570.0000
-819900.00000000 -1030200.00000000 566.0000
-819800.00000000 -1030200.00000000 561.0000
-819700.00000000 -1030200.00000000 554.0000
-819600.00000000 -1030200.00000000 548.0000
-819500.00000000 -1030200.00000000 542.0000
-819400.00000000 -1030200.00000000 538.0000
-819300.00000000 -1030200.00000000 541.0000
-819200.00000000 -1030200.00000000 551.0000
-819100.00000000 -1030200.00000000 560.0000
-819000.00000000 -1030200.00000000 570.0000
-818900.00000000 -1030200.00000000 583.0000
-818800.00000000 -1030200.00000000 594.0000
-818700.00000000 -1030200.00000000 597.0000
-818600.00000000 -1030200.00000000 595.0000
-818500.00000000 -1030200.00000000 595.0000
-818400.00000000 -1030200.00000000 596.0000
-818300.00000000 -1030200.00000000 595.0000
-818200.00000000 -1030200.00000000 590.0000
-818100.00000000 -1030200.00000000 584.0000
-820800.00000000 -1030100.00000000 561.0000
-820700.00000000 -1030100.00000000 560.0000
-820600.00000000 -1030100.00000000 559.0000
-820500.00000000 -1030100.00000000 561.0000
-820400.00000000 -1030100.00000000 566.0000
-820300.00000000 -1030100.00000000 567.0000
-820200.00000000 -1030100.00000000 566.0000
-820100.00000000 -1030100.00000000 564.0000
-820000.00000000 -1030100.00000000 557.0000
-819900.00000000 -1030100.00000000 552.0000
-819800.00000000 -1030100.00000000 550.0000
-819700.00000000 -1030100.00000000 545.0000
-819600.00000000 -1030100.00000000 538.0000
-819500.00000000 -1030100.00000000 534.0000
-819400.00000000 -1030100.00000000 535.0000
-819300.00000000 -1030100.00000000 540.0000
-819200.00000000 -1030100.00000000 547.0000
-819100.00000000 -1030100.00000000 552.0000
-819000.00000000 -1030100.00000000 559.0000
-818900.00000000 -1030100.00000000 574.0000
-818800.00000000 -1030100.00000000 587.0000
-818700.00000000 -1030100.00000000 593.0000
-818600.00000000 -1030100.00000000 593.0000
-818500.00000000 -1030100.00000000 592.0000
-818400.00000000 -1030100.00000000 590.0000
-818300.00000000 -1030100.00000000 586.0000
-818200.00000000 -1030100.00000000 583.0000
-818100.00000000 -1030100.00000000 581.0000
-820800.00000000 -1030000.00000000 553.0000
-820700.00000000 -1030000.00000000 551.0000
-820600.00000000 -1030000.00000000 550.0000
-820500.00000000 -1030000.00000000 551.0000
-820400.00000000 -1030000.00000000 554.0000
-820300.00000000 -1030000.00000000 553.0000
-820200.00000000 -1030000.00000000 551.0000
-820100.00000000 -1030000.00000000 550.0000
-820000.00000000 -1030000.00000000 545.0000
-819900.00000000 -1030000.00000000 540.0000
-819800.00000000 -1030000.00000000 540.0000
-819700.00000000 -1030000.00000000 537.0000
-819600.00000000 -1030000.00000000 532.0000
-819500.00000000 -1030000.00000000 535.0000
-819400.00000000 -1030000.00000000 544.0000
-819300.00000000 -1030000.00000000 550.0000
-819200.00000000 -1030000.00000000 553.0000
-819100.00000000 -1030000.00000000 554.0000
-819000.00000000 -1030000.00000000 559.0000
-818900.00000000 -1030000.00000000 570.0000
-818800.00000000 -1030000.00000000 581.0000
-818700.00000000 -1030000.00000000 586.0000
-818600.00000000 -1030000.00000000 586.0000
-818500.00000000 -1030000.00000000 583.0000
-818400.00000000 -1030000.00000000 579.0000
-818300.00000000 -1030000.00000000 575.0000
-818200.00000000 -1030000.00000000 575.0000
-818100.00000000 -1030000.00000000 577.0000
-820800.00000000 -1029900.00000000 544.0000
-820700.00000000 -1029900.00000000 542.0000
-820600.00000000 -1029900.00000000 540.0000
-820500.00000000 -1029900.00000000 540.0000
-820400.00000000 -1029900.00000000 542.0000
-820300.00000000 -1029900.00000000 541.0000
-820200.00000000 -1029900.00000000 538.0000
-820100.00000000 -1029900.00000000 538.0000
-820000.00000000 -1029900.00000000 535.0000
-819900.00000000 -1029900.00000000 533.0000
-819800.00000000 -1029900.00000000 533.0000
-819700.00000000 -1029900.00000000 531.0000
-819600.00000000 -1029900.00000000 533.0000
-819500.00000000 -1029900.00000000 543.0000
-819400.00000000 -1029900.00000000 558.0000
-819300.00000000 -1029900.00000000 566.0000
-819200.00000000 -1029900.00000000 566.0000
-819100.00000000 -1029900.00000000 565.0000
-819000.00000000 -1029900.00000000 567.0000
-818900.00000000 -1029900.00000000 572.0000
-818800.00000000 -1029900.00000000 576.0000
-818700.00000000 -1029900.00000000 578.0000
-818600.00000000 -1029900.00000000 577.0000
-818500.00000000 -1029900.00000000 574.0000
-818400.00000000 -1029900.00000000 570.0000
-818300.00000000 -1029900.00000000 570.0000
-818200.00000000 -1029900.00000000 573.0000
-818100.00000000 -1029900.00000000 571.0000
-820800.00000000 -1029800.00000000 535.0000
-820700.00000000 -1029800.00000000 531.0000
-820600.00000000 -1029800.00000000 529.0000
-820500.00000000 -1029800.00000000 531.0000
-820400.00000000 -1029800.00000000 534.0000
-820300.00000000 -1029800.00000000 534.0000
-820200.00000000 -1029800.00000000 532.0000
-820100.00000000 -1029800.00000000 529.0000
-820000.00000000 -1029800.00000000 525.0000
-819900.00000000 -1029800.00000000 523.0000
-819800.00000000 -1029800.00000000 524.0000
-819700.00000000 -1029800.00000000 530.0000
-819600.00000000 -1029800.00000000 542.0000
-819500.00000000 -1029800.00000000 556.0000
-819400.00000000 -1029800.00000000 569.0000
-819300.00000000 -1029800.00000000 576.0000
-819200.00000000 -1029800.00000000 576.0000
-819100.00000000 -1029800.00000000 574.0000
-819000.00000000 -1029800.00000000 574.0000
-818900.00000000 -1029800.00000000 573.0000
-818800.00000000 -1029800.00000000 571.0000
-818700.00000000 -1029800.00000000 569.0000
-818600.00000000 -1029800.00000000 568.0000
-818500.00000000 -1029800.00000000 567.0000
-818400.00000000 -1029800.00000000 567.0000
-818300.00000000 -1029800.00000000 569.0000
-818200.00000000 -1029800.00000000 569.0000
-818100.00000000 -1029800.00000000 561.0000
-820800.00000000 -1029700.00000000 525.0000
-820700.00000000 -1029700.00000000 521.0000
-820600.00000000 -1029700.00000000 521.0000
-820500.00000000 -1029700.00000000 525.0000
-820400.00000000 -1029700.00000000 529.0000
-820300.00000000 -1029700.00000000 530.0000
-820200.00000000 -1029700.00000000 527.0000
-820100.00000000 -1029700.00000000 522.0000
-820000.00000000 -1029700.00000000 516.0000
-819900.00000000 -1029700.00000000 512.0000
-819800.00000000 -1029700.00000000 521.0000
-819700.00000000 -1029700.00000000 540.0000
-819600.00000000 -1029700.00000000 559.0000
-819500.00000000 -1029700.00000000 571.0000
-819400.00000000 -1029700.00000000 578.0000
-819300.00000000 -1029700.00000000 581.0000
-819200.00000000 -1029700.00000000 580.0000
-819100.00000000 -1029700.00000000 576.0000
-819000.00000000 -1029700.00000000 572.0000
-818900.00000000 -1029700.00000000 569.0000
-818800.00000000 -1029700.00000000 566.0000
-818700.00000000 -1029700.00000000 563.0000
-818600.00000000 -1029700.00000000 561.0000
-818500.00000000 -1029700.00000000 563.0000
-818400.00000000 -1029700.00000000 565.0000
-818300.00000000 -1029700.00000000 564.0000
-818200.00000000 -1029700.00000000 557.0000
-818100.00000000 -1029700.00000000 547.0000
-820800.00000000 -1029600.00000000 515.0000
-820700.00000000 -1029600.00000000 513.0000
-820600.00000000 -1029600.00000000 512.0000
-820500.00000000 -1029600.00000000 513.0000
-820400.00000000 -1029600.00000000 518.0000
-820300.00000000 -1029600.00000000 520.0000
-820200.00000000 -1029600.00000000 517.0000
-820100.00000000 -1029600.00000000 510.0000
-820000.00000000 -1029600.00000000 505.0000
-819900.00000000 -1029600.00000000 509.0000
-819800.00000000 -1029600.00000000 528.0000
-819700.00000000 -1029600.00000000 554.0000
-819600.00000000 -1029600.00000000 573.0000
-819500.00000000 -1029600.00000000 581.0000
-819400.00000000 -1029600.00000000 583.0000
-819300.00000000 -1029600.00000000 582.0000
-819200.00000000 -1029600.00000000 579.0000
-819100.00000000 -1029600.00000000 575.0000
-819000.00000000 -1029600.00000000 571.0000
-818900.00000000 -1029600.00000000 570.0000
-818800.00000000 -1029600.00000000 568.0000
-818700.00000000 -1029600.00000000 563.0000
-818600.00000000 -1029600.00000000 560.0000
-818500.00000000 -1029600.00000000 559.0000
-818400.00000000 -1029600.00000000 558.0000
-818300.00000000 -1029600.00000000 554.0000
-818200.00000000 -1029600.00000000 545.0000
-818100.00000000 -1029600.00000000 535.0000
-820800.00000000 -1029500.00000000 505.0000
-820700.00000000 -1029500.00000000 503.0000
-820600.00000000 -1029500.00000000 501.0000
-820500.00000000 -1029500.00000000 499.0000
-820400.00000000 -1029500.00000000 502.0000
-820300.00000000 -1029500.00000000 505.0000
-820200.00000000 -1029500.00000000 502.0000
-820100.00000000 -1029500.00000000 497.0000
-820000.00000000 -1029500.00000000 500.0000
-819900.00000000 -1029500.00000000 517.0000
-819800.00000000 -1029500.00000000 542.0000
-819700.00000000 -1029500.00000000 561.0000
-819600.00000000 -1029500.00000000 573.0000
-819500.00000000 -1029500.00000000 579.0000
-819400.00000000 -1029500.00000000 580.0000
-819300.00000000 -1029500.00000000 577.0000
-819200.00000000 -1029500.00000000 574.0000
-819100.00000000 -1029500.00000000 572.0000
-819000.00000000 -1029500.00000000 571.0000
-818900.00000000 -1029500.00000000 569.0000
-818800.00000000 -1029500.00000000 565.0000
-818700.00000000 -1029500.00000000 561.0000
-818600.00000000 -1029500.00000000 556.0000
-818500.00000000 -1029500.00000000 551.0000
-818400.00000000 -1029500.00000000 548.0000
-818300.00000000 -1029500.00000000 544.0000
-818200.00000000 -1029500.00000000 537.0000
-818100.00000000 -1029500.00000000 528.0000